4.632002543546359,7 2.9845302788560355,1 3.175224693816584,2 8.915999594420317,8
2.9845302788560355,0 3.439936649354614,3 8.637298227327951,9
3.556959485078278,4 3.175224693816584,0 2.9814842232985534,5
7.7335037817827095,8 3.439936649354614,1 11.298922501800732,6
11.209773597164784,6 9.767348637104323,9 3.556959485078278,2 2.2402977506231196,7 7.655691590048803,8
2.9814842232985534,2 12.781135897319976,6
1.4424261788897461,9 11.298922501800732,3 11.209773597164784,4 12.781135897319976,5
2.2402977506231196,4 5.485624878436342,8 4.632002543546359,0 7.527084859953793,9
8.915999594420317,0 7.655691590048803,4 7.7335037817827095,3 5.485624878436342,7
8.637298227327951,1 7.527084859953793,7 9.767348637104323,4 1.4424261788897461,6
